Container:	  0.011774
API:	  0.572375