Container:	  0.011410
API:	  0.559359