Container:	  0.004796
API:	  0.129275