Container:	  0.012916
API:	  0.129592
