Container:	  0.004464
API:	  0.283139

