Container:	  0.009435
API:	  0.419924